.Random.seed <-
c(403L, 10L, 1725941140L, 652773690L, -154643067L, 26525279L, 
-58259226L, -1691120784L, -651694957L, -216303311L, 581853152L, 
2022564990L, -1088477431L, 784107835L, 747253002L, -1078983444L, 
1845498223L, 1124357797L, -1560016804L, -782630862L, -1693001939L, 
-847825433L, 1593944334L, -1936732440L, -123879189L, 1452458377L, 
-2089852648L, -283421626L, -966927199L, 590619443L, 1468934818L, 
223306132L, 459247639L, -956192755L, 543530276L, 677275914L, 
364707957L, -1998992433L, 1027235030L, -1252938624L, -877694269L, 
245144673L, -84534064L, 757149230L, -992956455L, 1522913259L, 
140322394L, -103981028L, -715432673L, -1116119691L, -182580212L, 
1576635874L, -721195331L, 46393655L, -1937265186L, -1176722664L, 
185756283L, 1834551321L, 1601945768L, 401597014L, 254389969L, 
-1469202813L, 1130239250L, -524083036L, -11222937L, -389680707L, 
-163587276L, -1964822374L, -787949851L, -1325678465L, 99760646L, 
-258808432L, -2051909581L, -372607023L, -1398137472L, 662909022L, 
1176903593L, -1326750117L, 2060393066L, -569776372L, -1389194929L, 
-562640379L, -352651076L, 422572434L, 149678733L, 1242560711L, 
773909934L, -1197975544L, 1809640459L, -590616343L, 424691640L, 
-1590435738L, -36818687L, 1059219347L, 74111042L, 1591390196L, 
514025975L, -763748883L, -949932412L, -1406504790L, -1287061995L, 
-1985600849L, -853010250L, -604670240L, -336967133L, -1558497983L, 
820914224L, 424628814L, -329656647L, -1837419829L, 839156602L, 
516182652L, -2003499329L, -268333163L, 1643734956L, -1568655998L, 
525540189L, -1352092073L, 223143230L, -1360956040L, 279463515L, 
-1098739271L, -769772536L, 260615862L, 448323057L, -311225309L, 
638848114L, -213381436L, -153163641L, 1294494813L, 1267855956L, 
969517178L, 94645189L, 676379935L, 43379878L, 2053905968L, 1646781651L, 
-779842831L, 1441446432L, 2021588158L, -894342967L, -555214213L, 
-857296822L, -121855828L, -145713233L, -818797723L, -253011684L, 
-1728061070L, -2082577939L, -1867151833L, 2135402062L, 614927016L, 
-1988458325L, -1436290615L, -1397858856L, 1655721094L, -1807863455L, 
1988089075L, -984990878L, -1721780780L, 492519639L, 1351725773L, 
-614870428L, 1258547274L, -717365835L, 1866916111L, 1360477718L, 
56826048L, 902639235L, -914847071L, 971070608L, -1082280082L, 
920621337L, 462926251L, -2078503014L, 936722268L, 1205030495L, 
556744245L, -1662665268L, 380951842L, -86816899L, 423566455L, 
-56295010L, -1887209384L, -490027589L, -1980748967L, 834959592L, 
1814059286L, -120018287L, -1748744381L, 941412946L, -243665692L, 
1102004007L, -1718207619L, -26886540L, 907853914L, 217454757L, 
641485503L, -1560252090L, 1017636816L, 988353011L, 853376273L, 
1496021312L, -933197538L, 1232694761L, 1233280795L, -2017785558L, 
-658324916L, -830833137L, -2131046075L, -1300423940L, -712855214L, 
273405645L, -979841401L, 1326430574L, -1490930872L, -1587468469L, 
-1679888727L, 1688474616L, -2055714010L, -2095031231L, -1816793645L, 
1450213250L, 1285993396L, 801033015L, 1724402221L, 1940335428L, 
1386004586L, -710583595L, -1297273648L, 2110434876L, 1922721940L, 
688993410L, 1616237504L, -395433668L, 95129232L, -1879706590L, 
-1897594872L, 827196556L, 1127152668L, 1266913426L, -721634176L, 
-457733100L, -117577944L, 1100189754L, 892573904L, -606166932L, 
178869940L, -1274102766L, -96406560L, -1094106164L, 89696736L, 
1344895010L, 2081131816L, -1921695476L, 567321148L, 1238771954L, 
-1814319888L, 951598916L, -404726696L, -2032976326L, -1005111056L, 
1786873532L, -796884460L, -198048574L, -1252550048L, -1090715268L, 
1589566672L, 1541804066L, 460985512L, 359592332L, 1479233980L, 
2002111538L, -1056207040L, -979219788L, 948198728L, -934373702L, 
1388317456L, 1827674348L, 440912980L, 147731218L, 1323273632L, 
-22992948L, -166921376L, 1248693442L, -757337560L, 201416108L, 
-1412926660L, -1278787726L, -2008879312L, -305181660L, 648614456L, 
-1245374758L, 64480144L, -707518212L, 1397959060L, -594875582L, 
-1644940800L, -510364612L, 1441696336L, -1919331166L, 1198626632L, 
11732492L, -712964388L, -1827119022L, -986390400L, -876264620L, 
1235891176L, -240016646L, 2146520912L, 1439830060L, -1134481036L, 
1980283538L, -978636192L, -160625524L, -1231602336L, -346816286L, 
-1850169176L, -1268112692L, 1319831036L, 1923708850L, -450035728L, 
1926757828L, -2119394984L, -1593913990L, 1574972848L, -1418069572L, 
246458964L, -1131954750L, 1951570720L, -1599980612L, 1943037008L, 
-983603230L, -965874840L, 39827276L, 1484462844L, -577826062L, 
-1487568640L, 2052039796L, 1141365256L, -527232582L, -313402928L, 
-502418452L, -506620012L, -15108910L, -533016480L, -713520820L, 
-2114883808L, -1723108734L, 192508392L, 1909699564L, -1350664644L, 
-964910478L, -1053513872L, -668073692L, 280972856L, 2122464666L, 
-976693808L, 1370026428L, -1109038444L, 861509250L, -759776832L, 
1122434876L, -1904179568L, -1348562142L, -1528074744L, 383981324L, 
1453727644L, -1577629678L, 1615025024L, -1532641516L, 137009448L, 
-724088774L, 23734224L, -1692704148L, 1628787764L, -554902382L, 
-946682528L, 1391489356L, 1632563680L, -1491236958L, 1159049128L, 
1043242124L, 116497340L, 314286194L, 66999280L, -2132996028L, 
-238742440L, 657250362L, 1850036336L, 1318021692L, 1521425172L, 
1198862018L, -1429709088L, 1877890172L, -905813808L, -1109855326L, 
-482287064L, -1375798004L, -1482904644L, 1586965810L, 2065568960L, 
1379212852L, -1991313720L, 488959674L, 2054244496L, 865733356L, 
1553838676L, 1542788754L, 747694880L, -778392628L, 1170375904L, 
-1384543550L, -1983217624L, 670073772L, 230982332L, -1494151694L, 
-969101776L, -877205596L, -139778632L, -1516492966L, 348162192L, 
1310573436L, -52372716L, 177324354L, 1494823680L, 1307408316L, 
-1315536048L, 1249774882L, -672815544L, -988968948L, -635955108L, 
849453522L, 809468416L, -108119724L, 1494189288L, -2119492358L, 
1757863632L, -1659226836L, -333899532L, -2057888366L, -1858203296L, 
-521195508L, 334726880L, -1788245406L, -2140559704L, -1192921524L, 
1247437692L, -547629774L, -1543555472L, 85060420L, -957344808L, 
1158950778L, -413791696L, 1014373308L, 1471939156L, -869315331L, 
-374058006L, 1681179784L, -2069841359L, 2126195875L, 383455396L, 
967606610L, 1808481447L, -1880065807L, -972476362L, 1625641172L, 
-64183195L, -151003537L, 907305128L, -793743866L, -1482223821L, 
1413819285L, 1153114098L, 888429632L, 402793897L, -376222693L, 
1183484396L, 1022841338L, -1866648017L, 108048953L, 25930830L, 
1467471004L, -350321139L, -1420039561L, -1453008256L, -929672994L, 
325802923L, -39226195L, -2144736998L, -1306190376L, 1789978177L, 
-686244621L, 52423444L, 1313057442L, -1300036681L, 656088961L, 
-568965754L, 1625515972L, -1210922251L, -77127841L, 16056760L, 
754825366L, 1835105955L, 285909093L, -1970432638L, 418522864L, 
-2097300839L, 796212875L, 878460796L, -340135510L, -718612001L, 
-793530519L, -2105141378L, -2084364436L, 993674173L, -1593618297L, 
1423846512L, 845645582L, 1358601275L, 1136309021L, 2045852106L, 
1112031976L, 1197737425L, -1099180093L, 372515012L, 18005874L, 
89825863L, 534979089L, -1884157034L, -1271947532L, 614543493L, 
-1980910129L, 2053152968L, 2061740390L, 1106176915L, 858191093L, 
-1271462702L, -1214082272L, -1841607927L, -912061381L, 595210636L, 
-1412478950L, 18609295L, -1560724519L, 1578261614L, 1961115644L, 
-624773779L, -1371525353L, -1770434848L, -1853035330L, 2081909387L, 
662389005L, 1305077050L, 1565304184L, 2034659105L, 1563404243L, 
738176756L, 360656770L, 828159511L, -2124702495L, -646993370L, 
227658532L, 1326293973L, -423611521L, -232229352L, 1156545846L, 
1267839939L, -889701883L, 2088190370L, -1480612464L, 236029241L, 
-1400720917L, 1649742556L, -1011394806L, 1534908927L, 1793822793L, 
-1854940706L, -794779252L, 166796637L, -612770457L, 947019408L, 
942203054L, -1000283813L, -1818462915L, -2038585430L, -1361649592L, 
-1551992719L, -229272093L, -794472220L, -1270727662L, 1568659431L, 
-617398351L, -1577881098L, 340720660L, 1936450341L, 112129071L, 
405743080L, 1202295494L, 1386634099L, 69665749L, 260885426L, 
884526464L, 23221609L, -1005200933L, -2019933908L, 1298441018L, 
